8  1  1  1  1  1  1  1  1  1  1  1  12 20 20 20 9  1  1  1  1  1  1  1  1  1  1  1  2
7  0  0  0  0  0  0  0  0  0  0  0  0  0  0  0  0  0  0  0  0  0  0  0  0  0  0  0  3
7  0  0  0  0  0  0  0  0  14 14 14 0  0  0  0  0  0  0  0  0  0  0  14 14 13 13 0  3
7  0  0  13 13 13 0  0  0  14 14 14 14 0  0  0  0  0  0  0  0  0  0  0  14 14 13 0  3
7  0  0  13 0  0  0  0  0  14 14 14 14 0  0  0  0  13 0  0  0  0  0  0  0  14 14 0  3
12 0  0  13 0  14 0  0  0  0  0  0  0  0  0  0  0  14 14 14 13 0  0  0  0  0  14 0  9
20 0  0  0  0  0  0  0  0  0  0  0  0  0  0  0  0  13 13 13 13 14 0  0  0  0  0  0  20
20 0  0  0  0  0  0  14 14 13 13 14 0  0  0  0  0  0  0  0  0  0  0  14 0  0  0  0  20
11 0  14 0  0  0  0  0  13 13 13 13 0  0  0  0  0  0  0  0  0  0  0  14 0  13 0  0  10
7  0  14 14 0  0  0  0  0  0  0  14 0  0  0  0  0  0  0  0  0  0  0  0  0  13 0  0  3
7  0  13 14 14 0  0  0  0  0  0  0  0  0  0  0  0  0  0  0  0  0  0  13 13 13 0  0  3
7  0  13 13 14 14 0  0  0  0  0  13 13 13 13 13 0  0  0  0  0  0  0  0  0  0  0  0  3
7  0  0  0  0  0  0  0  0  0  0  0  0  0  0  0  0  0  0  0  0  0  0  0  0  0  0  0  3
6  5  5  5  5  5  5  5  5  5  5  5  11 0  0  0  10 5  5  5  5  5  5  5  5  5  5  5  4
15 15 15 15 15 15 15 15 15 15 15 15 7  20 20 20 3  15 15 15 15 15 15 15 15 15 15 15 15